1.000000000000000000e+00
9.673431292249670133e-01
9.346050548725655105e-01
9.038489493159350685e-01
8.749735587116902469e-01
8.480260011849707347e-01
8.223907335690576748e-01
7.983254017822681847e-01
7.730189585290322407e-01
7.485867068741334229e-01
7.262617381776113046e-01
7.050495592450273241e-01
6.853331301573043488e-01
6.675174662879840293e-01
6.514682308547529166e-01
6.367272752791247603e-01
6.228304359028082882e-01
6.103982684590267827e-01
5.982658524921979915e-01
5.863660196111651901e-01
5.759709591947010932e-01
5.660170046306088887e-01
5.565332288046132003e-01
5.471948174072399640e-01
5.383546551203868269e-01
5.296097315971139974e-01
5.212317279419504956e-01
5.130201414947272998e-01
5.055985355285701477e-01
4.982420929269679166e-01
4.910921680653397847e-01
4.841277081643680646e-01
4.776775375867299278e-01
4.712313770622951759e-01
4.651160459271393433e-01
4.589064785417040770e-01
4.529455344548783957e-01
4.469495024025231245e-01
4.413434480241966718e-01
4.357805017178065232e-01
4.302626685099544823e-01
