6.799434018748341801e-02
8.103984548232240348e-02
1.345644630762261595e-01
2.135591225164170937e-01
2.713212302942277221e-01
3.373477243885003030e-01
4.078990666711636570e-01
4.510866961095846839e-01
4.469086012126963214e-01
4.010939826169098166e-01
3.379698355730497150e-01
2.789994276208361268e-01
2.327313409627435048e-01
1.985810841993530529e-01
1.738365056661899111e-01
1.557833398617156639e-01
1.419841326567078676e-01
1.319374990122748892e-01
1.239644020681223563e-01
1.169012211507155785e-01
1.108491327799489834e-01
1.056601322955032507e-01
1.004003049498394667e-01
9.595326710966724237e-02
9.181683677189747539e-02
8.848751003447137553e-02
8.602598484651234612e-02
8.386304125080641658e-02
8.168453867410534197e-02
7.962148023505163930e-02
7.773876856413518277e-02
7.576788387032090677e-02
7.393507673184490647e-02
7.231833661603409569e-02
7.093795743722554337e-02
6.940367236516432892e-02
6.806506438262772962e-02
6.683324123681617934e-02
6.564038935056941415e-02
6.453770996775280711e-02
6.338884674204929570e-02
