7.205060251995258624e-02
1.005174826876072958e-01
1.867179734575457883e-01
2.604824715257362810e-01
3.334926115674778924e-01
4.021479922540612262e-01
4.541253463804160728e-01
4.830209274133176467e-01
4.721986033091258861e-01
4.250541212963262483e-01
3.922743077586863247e-01
3.833727452168305128e-01
3.651715611670079409e-01
3.481444690100171657e-01
3.343342330701564724e-01
3.168821463984786146e-01
3.013521703277597386e-01
2.865275922310142609e-01
2.744256367423321685e-01
2.627943042436204912e-01
2.504690119112373825e-01
2.361605192535730091e-01
2.212270436243554961e-01
2.060074679775015238e-01
1.908334986742663553e-01
1.784223247637881926e-01
1.667254468843390736e-01
1.573666652062065408e-01
1.493630069863750021e-01
1.423031787336088427e-01
1.365834858849599986e-01
1.310888529886914400e-01
1.258885755500396275e-01
1.202419207356898306e-01
1.147601233838682205e-01
1.090669304319155930e-01
1.035387326276182851e-01
9.821737395237460644e-02
9.232947903515628663e-02
8.627698251921812889e-02
8.097373133524524147e-02
