9.667086338074461216e-02
1.360167549581157154e-01
2.304679355501930427e-01
3.291674575316479445e-01
4.250530524051296388e-01
5.059259395551536365e-01
5.452057177374484143e-01
5.382645482068687537e-01
4.979999081794173610e-01
4.386529355017212417e-01
3.769749452093499875e-01
3.181408820799330184e-01
2.653685161819046012e-01
2.168873181625284308e-01
1.748763092135392494e-01
1.368022265733426224e-01
1.003176677121422750e-01
7.147331331337705707e-02
5.091033913925508553e-02
3.692587584836073272e-02
2.705107759374890397e-02
1.985710200038747972e-02
1.499488600078521285e-02
1.085310662775451282e-02
8.096808859839370320e-03
5.921861681016642870e-03
4.301379096693368730e-03
3.385037351255120938e-03
2.836468392298579014e-03
2.363713417655028976e-03
1.965414170090217481e-03
1.682710153176115260e-03
1.416867033857147377e-03
1.203734136961040740e-03
1.000733472741540103e-03
8.300874239193277784e-04
6.354607602980517477e-04
4.886078349803915297e-04
3.365936212945868982e-04
2.545979275045217151e-04
