1.098977591111252733e-01
1.309912550137260490e-01
1.682526155297195680e-01
2.214989467177627125e-01
2.761680176627543393e-01
3.333797729241946284e-01
3.932554025164484157e-01
4.517084194595771818e-01
5.038729118997901102e-01
5.475878809212141318e-01
5.830712853644030025e-01
6.102338479773393720e-01
6.307208567872507610e-01
6.456058699904736464e-01
6.562488481170722920e-01
6.632120619134785899e-01
6.673441053968629522e-01
6.698615759352040122e-01
6.705235955056180197e-01
6.697365520755506063e-01
6.686015828064003630e-01
6.667013047128603764e-01
6.641852652132402834e-01
6.610387487056514910e-01
6.576096174204921763e-01
6.536820828953547879e-01
6.494999066209203864e-01
6.449890628869819897e-01
6.408715724278237769e-01
6.364549090317681568e-01
6.319225636504012256e-01
6.273296847334283166e-01
6.229987042652033180e-01
6.184970147535321372e-01
6.141165398480824544e-01
6.095205123766660460e-01
6.049804671154600522e-01
6.002870634299770636e-01
5.958404305065775342e-01
5.913193232900135765e-01
5.867554032863355751e-01
