5.814381716168046804e-02
7.025217139520947840e-02
9.244778044388445026e-02
1.262146781926994088e-01
1.639592482048229938e-01
2.074708133032473201e-01
2.584121961960599845e-01
3.149593468280954545e-01
3.737443798821593055e-01
4.316799217471384842e-01
4.870450262568566391e-01
5.378969701697787764e-01
5.841699900788988042e-01
6.250870726866829541e-01
6.611001464962968921e-01
6.919957508239588106e-01
7.187103058459872740e-01
7.421608266221679795e-01
7.626334333111397523e-01
7.807440946563580786e-01
7.967369296907502729e-01
8.109558425366949486e-01
8.234721713345685146e-01
8.346976756989036295e-01
8.447326611190637546e-01
8.536731983051998318e-01
8.615047356455921568e-01
8.683671980261528089e-01
8.749700727622232721e-01
8.807856647898756330e-01
8.860008319918971642e-01
8.908323848490941055e-01
8.954017826102480537e-01
8.996482175462503506e-01
9.035792606211219269e-01
9.072973299744117037e-01
9.106465487703117034e-01
9.137843748526828236e-01
9.167631526338586578e-01
9.195114418557425173e-01
9.221573097442486988e-01
