1.000000000000000000e+00
9.329719098163864466e-01
8.674465453614945698e-01
7.964822670837838903e-01
7.191357947261601824e-01
6.398726571652922912e-01
5.613044361768048107e-01
4.841586617462224629e-01
4.017069358694861370e-01
3.153039695541244858e-01
2.393147169281175379e-01
1.828157417419074837e-01
1.445602081237503389e-01
1.187429285339769020e-01
1.010764935061676945e-01
8.879879781941701911e-02
7.973728641350295854e-02
7.330491785182974285e-02
6.830001329623766604e-02
6.395490317579381745e-02
6.026958749049821096e-02
5.714371727683017349e-02
5.401784706316214296e-02
5.138619549483328108e-02
4.896276802580975390e-02
4.701098068533324931e-02
4.558853412742813055e-02
4.435173315203620736e-02
4.312245834890832824e-02
4.196342782024490431e-02
4.091227242736616282e-02
3.981345127681512608e-02
3.879741802116861565e-02
3.790431224583488967e-02
3.714166012307800607e-02
3.629872882950459928e-02
3.556618139580390581e-02
3.489384334021559952e-02
3.424157507733142231e-02
3.363948129620756428e-02
3.301480899829156018e-02
