3.519365476086733918e-02
4.235964539596804440e-02
7.293969289016666302e-02
1.233111401634231358e-01
1.672023210263098580e-01
2.290536256638773527e-01
3.203475785760102612e-01
4.222440040432505204e-01
5.035725966739628134e-01
5.510188871157252199e-01
5.750134119363219387e-01
5.887599780241088432e-01
5.966349140608822044e-01
6.060978576825067909e-01
6.205144001232095752e-01
6.341437196553021405e-01
6.472924261246767452e-01
6.591770438548998357e-01
6.700713758306670043e-01
6.791432453312731266e-01
6.894532931554024913e-01
6.998494484898761803e-01
7.102988718084053410e-01
7.230655182151934923e-01
7.359351432880845145e-01
7.516345112510529614e-01
7.613541142952907625e-01
7.684183074716390838e-01
7.724004673317156344e-01
7.760508490303423823e-01
7.784248210023866354e-01
7.816963845926510057e-01
7.837920024327200696e-01
7.853726998648508095e-01
7.875837855090966899e-01
7.888022678951098765e-01
7.892334242609808648e-01
7.893422620736620932e-01
7.906505242425997393e-01
7.919792097336246783e-01
7.924846441045405587e-01
