3.737162532073057264e-02
5.302734496534043662e-02
1.038057062684265563e-01
1.526091416349602548e-01
2.074429407852340368e-01
2.673873613772517754e-01
3.224329549632898306e-01
3.670688155388268648e-01
3.901686169722657360e-01
3.918794125532485406e-01
4.032140248356464451e-01
4.294395796847635949e-01
4.459982481513923291e-01
4.612293860057765649e-01
4.794397699997362539e-01
4.928330899663259657e-01
5.084058262516552018e-01
5.263237376120811772e-01
5.462006270911807793e-01
5.665256119514646693e-01
5.857324576205187316e-01
6.013638465094776064e-01
6.165993864040044681e-01
6.314150157545905806e-01
6.430829078531485887e-01
6.586453967824793532e-01
6.745268849504355568e-01
6.936872309899569933e-01
7.150121065375302232e-01
7.365154816135208726e-01
7.572649572649572391e-01
7.739793971766500968e-01
7.905818983106177589e-01
8.030184070487655923e-01
8.151981351981352208e-01
8.265867066466766611e-01
8.391495758616986933e-01
8.491086831512363320e-01
8.576569868453710610e-01
8.651957486882819737e-01
8.719733217340872589e-01
