1.000000000000000000e+00
9.626107522326944332e-01
9.276783508065939987e-01
8.885947262522503332e-01
8.499558756045042518e-01
8.107663525009707328e-01
7.676656429806911763e-01
7.060538670620212232e-01
5.979032087260404138e-01
4.643651381976067194e-01
3.819125277983691502e-01
3.462317766246602591e-01
3.091461046983656202e-01
2.795933495711108718e-01
2.566557238165836918e-01
2.335133608669561212e-01
2.141409862684881260e-01
1.968442232341416909e-01
1.832468495181616142e-01
1.710755762646051781e-01
1.592925976914116304e-01
1.469307070493134360e-01
1.347947333121536362e-01
1.230823537717533334e-01
1.120406650428889123e-01
1.031875463306152763e-01
9.511807688234670544e-02
8.875004412439549406e-02
8.339157753538777029e-02
7.876028098415051304e-02
7.506089166578418237e-02
7.160859896219422260e-02
6.838928306682198754e-02
6.498640968618729641e-02
6.172473437113911582e-02
5.838540012001835339e-02
5.517314412792544837e-02
5.212326591125701625e-02
4.879099156341558385e-02
4.540223798933954585e-02
4.245825832186098797e-02
