9.778434257450908940e-02
1.230558866813421248e-01
1.801277549565850344e-01
2.378251418904552827e-01
3.103937838976961183e-01
3.972014716520242961e-01
4.799572836613095195e-01
5.307263197807341459e-01
5.387851277434008157e-01
5.102864987387600859e-01
4.418149320882885922e-01
3.307493977147883402e-01
2.464313843654110103e-01
1.923942301330639204e-01
1.547846793252550257e-01
1.252077139787002302e-01
9.942896674702328408e-02
7.716034915365099778e-02
5.903725420887431796e-02
4.388112954295343010e-02
3.187518530154923035e-02
2.199683328355793444e-02
1.511749554234852536e-02
1.075883171600176304e-02
7.700564734238589219e-03
5.616104887829416123e-03
4.231017842270755856e-03
3.125467106172601355e-03
2.192633538410160895e-03
1.403870317479422730e-03
8.765395703043246710e-04
5.717038124091238177e-04
3.973066436311351447e-04
2.465090547053119569e-04
1.305793106087809895e-04
3.152082935805016872e-05
0.000000000000000000e+00
0.000000000000000000e+00
0.000000000000000000e+00
0.000000000000000000e+00
