1.201006039911145379e-01
1.590978301518629623e-01
2.360554618504459579e-01
3.694706032639633042e-01
4.882929176160851759e-01
5.866006591065305864e-01
6.557330694189169584e-01
6.835712083763743063e-01
6.631675034230943844e-01
5.869746993270721358e-01
4.777047430607184175e-01
3.557559692653087247e-01
2.070263467438780425e-01
7.085479636241404089e-02
1.746641709088718117e-02
8.922959908728808620e-03
5.797873306179758893e-03
3.752854112350816930e-03
2.170764068377039648e-03
1.142007169041445343e-03
5.492940554176668506e-04
1.628846878213154959e-04
2.444429958933576978e-05
0.000000000000000000e+00
0.000000000000000000e+00
0.000000000000000000e+00
0.000000000000000000e+00
0.000000000000000000e+00
0.000000000000000000e+00
0.000000000000000000e+00
0.000000000000000000e+00
0.000000000000000000e+00
0.000000000000000000e+00
0.000000000000000000e+00
0.000000000000000000e+00
0.000000000000000000e+00
0.000000000000000000e+00
0.000000000000000000e+00
0.000000000000000000e+00
0.000000000000000000e+00
